0
0
0
0
0
0
0
0
0
0
0
0
0
0
0
0
0
0
0
0
0
0
0
0
0
0
0
1
-1
0
-1
1
0
1
-1
0
1
-1
0
-1
1
0
1
-1
0
1
-1
0
-1
1
0
1
-1
0
1
1
0
1
1
0
1
1
0
-1
-1
0
-1
-1
0
-1
-1
0
1
1
0
1
1
0
1
1
0
2
0
1
0
2
-1
2
0
1
0
-2
-1
-2
0
1
0
-2
-1
2
0
1
0
2
-1
2
0
1
438108160346413056548379806127420662234002793
-399977017967116278409998882621817359519728961048587142566219622764610647
-18759825074600542018758507504053643183145951059183621374490805355682754818776153199612529
75719677474937949811195456453580622444097545310728771366184047361553180820616338336
-27725460207890483504214783073370490355460531225551125013440205973288936600958
945671542484462279187558573712393145690707390801
-5056047122827697221767469852921761640461697591635794003353
655214624325478435846576939135094180186891588495855857652887303224053211
625887193186929543535361202293344231940179253569219846897647971864587630818921966027017331257035004
-626453759528465006089646035841476252444329430514310
-166468570123780295309472694354367989943337528943201144951973554301363919849588847417957906438552727590609183506309683513
6859787269555696763565123396150050497393349631370936630372041570709885340992117308
445889996645813863301800473922411651
42705307291947092016697202099327481118633697945
896978087062487433200922148594515242808394209489565021736384838684965803753
127315494316341647496333586377040049061152531957479486198279231913439311149184417865283460141
402912169164235397416944834537148842547062718711463059921301439147662276312009171161871799017
-302117669473929123939413850973782049651755152677411823924358853667721823909851013863848947437366
-189163325262302155314271181529454984207032272227589120489133983716081844810250848150139355037306290732938446008
-269993003752218198664045227024298602201011198864262799221430960580529346127117
5732556957000798757944053286438604012599825400547555565661593931994113722751725794927133
558166733296226
8357261118729284960845857349026004221399254366637586308022034120393464464352900190257226689
3381466169179419615621346928
400932180292852881506743518919559502
81072863413957950511200007219666321480141400958655568
9819355181370769030642176931708105428514303335304967837774
-6923616395737917784136341319278338804814915656569589376464606542007931
83920184647636741952604700332701890719385020668047
-1300923125994238172797291004144440734038714938621695486621816201450855
-2110018701730664458907117905261616823448599924021666885737149944
30915569862689713450280287528186367602960373108204084446879404405034227865061712
72379363206210073164213111587362178022707875234583097053812130072391035024425638741736
292543498842605597930711089855538529182990136290580800435573261631406362859003773657
934243910596998980881275526300503027938910477359993
6218563122578143366367501459130663946884473761993908375052552820704464363446030852244622280441232
4933091175546042848913536823246208138175351473255883992173866323021532125588942415250
-7801276236313107134862474521433976739771274752328748520367185702210271684216253393438149830
-411501895408309320734540806839185694406561685735286
957968752714
-500899970792635715904778044171769157067591471371179702660402869
-916393302683857141054079719283828609823918894183964405671866240344194026003118159
-1242433574229999178322005755976945861842363795558344357704807
341224516984382321550892577465792279903730925394104085102103260374812545900227686176919352373909865751378376928423235334636973322799842226213478958299288823884774
-548936819850416778980605801911475829153295818448577053964842206235541
-4924047108493848941912096550797911504430963980727081614461809243462152921206
1566118083770922012018034214818679080571208769352060964345885167006906880829235869
-60125248099971555319034414829782018740681399016950513533264973041659
930586109023141043862799945596977102969970113874226539622415670276721491188662851957574
5479872908207210004217574514391150337024578081589712101652430669313829188754
-4962244362183055047382358393531844272594430823820211743911983335552021242751544373783397
-283442957672930453344844705865368262995173667045076259083320742755503204509697945850682771537
74733650960867554598122762612061585381266200484117
-96860494000408791826759499639690612570906
2629318921118251738689617873242672381224
-37107600312860015380533868824713074416301067280184174822084562979204789258019161581927436458019123986754868950472748236150126881013170623761255656402940345499964912396921563280
31033596822233068393938011722871424841688786497785791349613963606528519347316014173
-8723324156942409792608250658733578825026279619423517820454799396854789600123
451866552114124667515696702106122323365820167625866533836879857384275830510180
-608546132309151105497359771578808760556817401472400472157463183466920
-823995763372895556854925581305339955467062658397784784866246872615634805315629355457399576857508602
75997763443609105001664896416258586836379351466631581397505208949996266867710242
-180754000417586648367817034838907105134820555621940121
170011254363896146332214227564329553
4496135118748103679941783098168
-31762713342066110137551052199022964549431339985466684598676398355214546723
5892643628817438544919484371721600922087468899658505718415456635384777160810
799729937967192565900507084174943364620721
264024147003719556228475159118465625339124266553543
619538822851114385258282754141605170561494811961429362750115730963031082068104124071745825863030
11460140417393587113741698544542253501923050609
155348931252182233987888722472389254494597537884314763467160438468309732529232842126848902896796540255300553173158135531355936407636
64549545919433002297697603045014478586809268425812939241790456805272230
141017641104846416272110896741671084922636519786460841940515616184779472143025516981328091069378875
-364890294589304659605761637759781016380333957207094737497447711039090643
6452675980607374929743358977340624502868123788252264163018
83103431179605197993693863803939458360820687890189568486849695815306840155538917514129807062225702969826574659253
-6480832808997252013641331246933209717495439584441114812122817279220865216262964002797437794514573944
38763438771632009704020958806509286059174358532820903
-27879507275957061371813951845142231486494045219626728336111017569533135238781197588049162085890997
4919523308048970624256257088372229271047048043402751930522830951263173400903027020674633481630409945724188898642053289584100402276781156904
-4369994447413732431086405206421394332520
-189357416343218337553228914779593595102104944935889665813348899515201653426972817690896348671173003960916217371699984007189926047344288270939186304732545489724356
923437117420810421586158474511135449033925157785712531606051843998348
102713929078818839111352120805837905425157009287920
37356521062943982981073296276791696629943692639545507116158937835232668872778292435144
412935901889317878201013043570824623226986579676075505413522781356431466496433555341029995567023795806326
2779193408115687734080338756847378280079523059352023054821633137552510465
-6284574059309819807622743263315742567796398310173620040619616
-7909274351146
3174659790860687528296444692094017982380540689139051494232690010897628000991888925829688448734992071773
-85623530574330065461301562032685347485055703292259610795348520
-8498142254962013025753354365529555962123635030372331912728102634
-4253116870952519393094454634130060500708703575409432462675640557450622681280760422098612785
-35063113822612269813095772982399091292045328297792765080912559428150780107708383340663921511920
-1405974031332557993045787897442291489945619537476142303171514502515527612037
36173365709799341675827809863389141418414759068061093788168620486677340
-5909570188526946429236972308129165441013717422416411708830987483755975580236244184107845681
-146658905510032079228690826387185066542926336431221917603772377585586201815613828675119850
29839431877348312298648340407004999511947349780013718589041329728967032894035614495491867422113
3516410427778319144984158025420996489
5075751714379016664402707178370299958895579719716171292330337364729837692618044470453207485041
-64391390424464118673612020704223431545449481023391251125565159677921349532798807612769690533067463123404076317229209790771874501811795910832021009157726958287580498556177283263317396
7592185948777632586835808760725935659127298483970480346348470485824700385311015586
48151997256114774236461019218115632990065169135533552780
-959752301427077766774758250176151207776903438706708583130726665193744783828576647422605714695461712074885542775476593674
-1383982794639503445828724245457591505033358533020758127681296561129216581128625628719911
16417118286577702676913596389940213248337848923040751482793649685758540
61653348310246776163370024719214630313843141210339618638645715244271735389454113410282044806255449
-396912007030985426351744086786094458668499500815988670
-401639636716797286012702156307593455165066000407402160857952039381449714714863023720578614898558011875
-375425930167793803690945342542519704246656408129064852304064686109646075798443243610709132440947968768826090995579084881199752616641030464755
482852235649223568452573589303341418638067088619956680377086159164340859026449242741714692184425832
-761108249182161725005669881819408571081222166401021734047778484864608992366777795597638
20529537599805513944527303955497975027259441070372203954922211815185439661915027554
1433998626080285665758487154140346918390566397
8944372307182918265548346
-705045625048670679396961440106724740986566461435122758706630273209994873182598
21700911819146275945193593069531383506229684004120591961060025392682325566855702868
-56511338174237514854915503953
45045141621501886967929039967485402764219013531872298703734684356074015622861251019675760190951199769086814989862109375453943
838979344945838932919537685933045940526063800280809944529470295167681253454661566342173609690405104
7390732755368367870571768482575740031494969751074682989930248359570003115229770542267260245660215
-6449706471527180202316836650211369083687035794412009
-15900413306658977870032476621557232897297
-5273841620399800016037173539136480492959420790661663554352787319979272964387112189462482972717908536089964314850
-840163481981142780583817296514164748509106122444091840935253074009348808
4204026842994101789230731499899345343904120017636376729765474439110906190522239575855779435534814
23354943338952442259836739363091659179228343200617746226172900488827505094893028521124510565584899
-768844991863100543980979404569664435946355232336939748418707071841094050082302169756032842345060
16059332173970293580440811663986807570598756726874431489179948404072248552087042440568142497440936402872254580422256343023
112548302594206416723548982199915255610901406755155257451841005005118017173079827047672318655494057344464006745272
66730235901560201579997368226684294649914919226485827797382944459508354466633430
-684325031003398085758353736503619835406861773588439285727334209501491219048319614936044341959353560724525936
32529075965078752340457890711687646252561465615245441577821771601807141080364726
3684587966754207593051868837649640475545347086372218040250
-225829101759744388839316
11666475854433838406244486506632326693890383991076609376437677552769983081
-336360985926464257912144391025378464025373510926107983906101773199057687
-2747338442221804691329084119668186676574260304228758169325160946383367715368864493457177
55885634290541023384858651933662438822344824482320684706636786567368413444529311763107900911758726
-375918343495236348159223591690304508392554617191019445541381018207987316524550271188277782147648
82494145353093961934230533470416123291754709944881772083307593801415158768
170378302463220317778629195104651759940549035494592048975885867557216860740455608965479
2940178567228808491938330449348433703174792892424469202652333533199855044285309748810852758
3457355090022345648741495100226655725869984522771227680734815576097595554777557743151
6469437947689720596749065538447572068545213294122557679991759550291372722993818934908706323
7153013711566315799272276282865424775661477583501725620932377939844620
118840522129994194121095108841716372894377693365434894272880
15165075067053739317021346956695911440157181243915878924512123231437463837165941153
-4673764541386143879725988
107734283265921077517320846148758313173762224060891994544597237266194614750765438512990897576088301819689161351
87493005157843843663876185947411386984838734266216677
-7397037668005265557444304419057242595007471662792468871888272378139635389162679192600633224194788994
1339876674819989023866688724161347981788438817175234826987328862832668612143468104589602990367538279780087685605637797332040
-83917920244145839901157637442923085165711051223730089575838842076049525412846446461708700484643990
-488519557935837594440830582533581214795589983717035734036158876258609941149187080347777475569964810567444276910376907649584632325962388833247611887278671450960
80952952423021751326773085377467803566990954548601612801533083513033707600769165326005665232112115
15786792076148652446126787394313068557910492541469244997225526404963291422
458181101845431481757872865773981713953831617545310459023972787992763407065035649229294464309036459378
-8429222180688709372556233357266068252640140516457518461781282152513316
94953057051428427923172578115625193148421033295274025272595879266798693701557557553537366934021
-2432412086087043982896954793220
47347230119441888326243755602777625816856832670209364251820218259
-6344186099216355327589214940827593083933032256755426569968
-335123982636581721460545404765733096455425492182391129658364831822672816338589291601
-860918202988511685454173362532881491
1525129651652240245216963866603135930840554335356627996866378135301957749120747079908183164611271645877845326225740574245496388516133941433557760
-217308044507649773434103050
751927907310769844886781353824796399204730188006990365312358365094822854091257581325098043563652
905834930756848158344952494300038832271
-5066340292739183200053307322063170546757601172106827342321512268190932105575
-1060705336944894820104003952760756788591636353988764688795646272791416017884753450541670143024897625572661902365611641068
5058160969099489450568614090592475994526040616916132969159816570851476060913136795642940176721927813577285693435885
78535943643333547481447622742409998660925693869268788055841231708299773154820648784
-797680144275380648853902823295852291047102708
79735357759530113966338836217948120342817852578924035031443275866611817412979590446112
105996426974902836583961651153575303162371028551846091368714278886361499496371638055486
-6798813563789234946237
48074961564719582298660777769263922453193809613024537011
-122601998052989736
98464491180073235658875496611743763384291477114909711038079973263882908872808455646930185873060487597700398187005034340521015429726876942687588625
-1672694495367055984192919996136403295209305709971108
69718711353424156473932811867786102475277716907535234736453330682
-3140927297140958755501075885996353277422250103083393087699202902446845055165328302985665873896001991818430604677135477388094817174661713323542564734806415184680170499876319894900775408
8550683483801849394704429118646662426009231983000728011847737921944
-365113432193648018699750813784650054210923534844488147298024
-265639130381923865129538062063776659037998935553514046983167597168696881756882930341628573864351689
-86684647575738770780109210127958010237239
7658773226579356840639439013362484053235
459897588809317979338201831364117052039
11809183932704027464016165410131633186242382682386407725972703510280805587753187227037
9739340098
6702572854147741548
428077681513344728670327270337344519435479762670626023789708215830170145443437866773893644371352469721748
-1595841631668181214179605743297355397642897936474888192829337625155527267388203849902891321119897105928806208911882006112665850297529186696786200737255461360011212
654259759421471569046857734663723451868988304721290660151009268361869
-5809467450562302849661096517145358443503523884554480712430988272667624173885465633149423391972241015
197550800791019276408684309678461886971873714784711165119020573
-66302325328805277680729677592308020437508599256738555791880993306709903008524474075061300
16257680880498890198396054350601814725834113535470484657325070255492634169665040547203558
-502077570644882014993050581440927032961273578
120089978504336147633355332073995403746721943405490498321893134065670990228655918880
487811360589205094385964465563343933642401372931344124796828697835748891457574619855098826183799688
1758546469489403867892913642016973806076093686574326594564358271936155074425407450193452846586473
-597297865766564359662249809479801976350270381354682048016947972594401696211337820310358
89609210588128873411900561707315414277128371181629196539
-16239783771535385181999970308253803953
909964698404847116606514820693495600391415636959282397223218877323427751497160
-3484729586560268175105961804492112052977035266186497069913718009831080294801220116735472978384673155521245030540973054040082880411598840464
952427427198863143473756096384625217145572118397937176275552046748754796771366562658746
180945819516041365351616260897038204
246860756188601193198938507839131365193734396371960725351677212550428849236895980821439773087144228489752681000066610
123166130975615596413499332379164431638024903605937514333833438086088083426546952
-6463148265617018992205966300727401298247947070384684407763317452755194687014911231601433774394606
4148289782664692134419903076999959224648419081349332913237313006720868051364
18142231850371973913278344897119475604069165224438773
-989008629954640844290489746590593988302738728555564394953420590271686984198029660559
-740855218571949558219465347837985854649585457503689097101953443869991896502896382049506355141
-2903496626667693101910624534572608365167874691212592203707364705360151543884560647586125590
-63824682362401691319099001830155053464135
-46553351123172040283428298080056000072143503834627216281267370577083248051483127900872466259267356553924890841739533050876784
-743016231948174067738076341445
-26105395362736165772009449682637046901441089635115228289250007179191584701702841249397802938978728425016
6964498274314686149494159600145442059748028435525896
589991117158867596686878037887620815177304278371371190548183524953728263880255473144
505497429706837064195447469868294213554496705756711694885679811839804875146663528
-179631426398428038397940256760746002918337915714967543283442933354236469535338447654545
429464160767
459543511719177413498972331885709307361237219944435772852221595975418252
-97231413423847269529000484268527416721285747398031848
-447865778660287841612796921810844570090047097264107576853011427386309229146
8511521127715167341654092814457333376830370420698478191538665734
-36831257863666272277318353405317146788297325025370799735584669584965761992861096392197815414315406084
-5965003825216572062692702613333248266874386258097028146021842929840212073639106
113143155657535440178986276601845780335868090347939208121559244081459384
-259555190268690664356914472453614213508082696944551157120226201467
-67721672242319140664506910725212350110641612091229754744394231893802304
1593342598698480353684749516537302464128773099385727997855466993562486894476327221789102288
9343170519526220916450496282652256427009866489
71393616046443639680598931433491815797774075515961783420118
-3014587617492771787358642678089498431376276484
-20517148237357454997207958845461711765110209982202890080494
30193221352339245887345766614410618442469406282591761
10452566864163351732585776600
3614191451733507660197087858696998406856741319407010971
3799419226980439434294643264121630873317419529896978410034823828925857326856992915587971327195156379976277233433512
-160103324475816196908077812616800857593319559017968090202
2878509812562018513088945431848491143
-22967761572591973953698219878739984108475748652269137147838222417177229078610443202376477544270677
-80738673792632815456401330057217154369161914152523335903694998031088796033581
57022917808507030029257355710987138243531127225639213593845660879215113674956111161281
-3915104141939184572424308742926731490889540854465173810383458242102262006568098877293469308440371111
8936080078937763412887078975929749685087582005006547259236855003766006974321117526450
-7145802124460115551190756314387396041251940703826420521117940571304732399014229031
2573347282871512314986099912566605146358448916443078972468028500920133743694115530851375901716685638005134673807040656
92500148919808239543615364707497080772074695630926700833861283071714526984
-278406199663226942278197201500190757948776989156283404212696918349520
42562594486361206365662532188606480481207694853237433291212049546331171574055876207754255883579356265
-1227194884286492751097242550510
3689435476431839886236772601055487242829595007789892951180200348481928
13473427648461583247637076716783634207162876500081609260403623389667197228557722496852194098624437602737044649610305733698531551868480003465
36327855760618959776086707256420228948380789161421894896440290
-16798673233401230465370300743269567380897508928350719770812157416818481893657124899470486167830
-9396330451646575848775325807774923309195933723562596864558865359719
98391266234636172155184245383440020454008570448886478451627914122755702678814696947
-4202005663823790291437484621479070290280292484488658949795101756091105
3032233690255890632866876994328218244157009922864529121641752
-845718687538370676722476369436310706969300262879727600712560554867942830689957704614887046468231970607932244116520682150379942294174019749509909633749538222213964156200254803961075
-13857963151104166871126544699228058068406912780957240266913160187640011980919339644194299507498446006788024552
-40771576559727177563993865728786028545058620540903820164906397052446132724669500911927726
-2953797823777039453877098907831629222568021807211089092867600127381934829546897699761483042
5369289936722018436379617567269220656021316051793979724044447070647526719330809965784345507694828797235676236268624504341042624745682414688077511930728800
-5832949323119797960444730503713203325849337854032954388131280081438756797819122732857148176
9069155903323923118185496969765627951021619442716518413868863064302029215739275997285796751963
79705836865439313008525486753185439078786520751595756040522750706717
-150017955721864353553690756288716353231318272964091119786298776272683580484434552489095179045131618220786053454166436375450635500078525670720
183359837813761329314053282559732342084799592932612608535319818286951763357432680011232
3977375636624641962902347490053667768
88106022568885932775593850820767068243909292148088031970521180913121057294896606528369391463114782262
-18336775124303380455874314300024800493912611284535301307278295814914207255349640936986907435
-570776916456372096651067548116335042453996416440
-47286263044382721
-98536515278024726086986127128482460998438712965592733299891701038526621396250350770514920698699
-1249054606880628963739456125407669267983025344278380
-367928257923725123852609126037602430912415198167679899738323762811815089039811412912002
-4600604183828919584417068579644875453290636827052972894726094141704628431970256989798249907549339590794294315632536550312
-756920899334005885581331210166650845720202706990429098283384873313667210660887493785653385197
2984762975623379523055923997772907984020195650910624556894589
-46323082319561762443200711273008703747817883057101709666806240076052274046276405394157052016701372948
8428737259004467983859377999248668842996357372032697071035986355
-19982773376214605958029256749536435418786533770735142916468298424629918448457938888879081
-9257140773676150166425090061598245788238
1506940585198397903194824590154900509206077773759795755694207387301792
-380632598230756752554759148850960077698884849540471359004336027827563316964767063703077997
705583623403463118794726918566902131232798230088542197338459059968530655
-2970842361335188175434828163543641057722259773241943565855769949340114
67861107651111138677248992559784783216701928839970779910918746961302379596738887156629871971475
69714746115888043014323632195039324992021645256574929425439173899633082125872
-2390561194838008298295539641161697804020638803191551476563224346885118560312778991168376725793592912520233384054090623720
4653041721749680833976992600950932528516755355797734919498619934707153237947024754
-886559622216311217551356000997952389236599251940524725
7752202411194303943567742702825795024894856155164204662120554579077224832539269399137395
8734695142871904431793521228234859462430674922838742261586959805086766249686185377
1237967102748487533275661366212500490729206245585351379789580376539720502417850395
32834375534186589908424163575962569369832
2436786985845921677356108709159917587885897546037792884
-1212492084674227541541000374916915408235228146308368102837369756219304038461534090531241304071118481352519604022395194806224479823929113088
24480811376952077985010693736114679379632956371230770032436982794353819596422600016930965646648
-83328439981910216473267316903321790397613369016470550576667284621090136993155501
54036596715225882190577997103735815784626623644916915196228796
6124579870586815331037024966237313915285746103923162596459825794491952970585453655533917712780288785538095829618261418808288007668
5184619419800862896856063408876596959749266615135207346378087367
-9409744290085109870333402893950163600628031321777870619547178385181083358766078415133142585169276383
370035805973405880630482607796926707503836516994443554471415022055310208
56345651208044538032214113825591571947388165831686470
1177255165828242757890343146823084583164079058328846010159295911541
-77743139279425033976308632794595378
90976837424872434097703706416390209205822379937739476802223036985095189318866533
-41454017421328076774506885978856055431034731816796692768970043791155561909381837
328200564646722993735583821998171468358788546487717520784458486718357100158002758207607895998304153155822177016892453913539473664941590516
-34707313567445600402733456412804462077138826890688961655409261771919083774068842109962736957230854680
-11138414054565631228600082997625257177681280522872327237646949147245370754981576892789753386605742689238879875750972090107927583852
160634451262803312289210131286871758749003210817649356483692827576423595738353119630093834655295159
675674418012902205284635417515219613978029344717391714353272174189184717939485
-7539679343059355161412754608035002059726995505956137076281135
9477771923266029468030711550370967760101639109703138290987453659535398210
-393185273193016276272664223554019010334307
-725078088875392916679477919668024320843616095424685055750540
30387527086051990590452364550826148123626658251548953850319695365492013615982833561537303210639151421460241093178958666359797640
-4302503100186224563529627033753253937126840503582031973677417220836296349274304958
-653522772455186885508889750019
7116545344184374720150176436255794436313365711063653376503999709860666769212602157911476
101392976815404470860841740702564600475651605755793377526466317553884653255833952724607333832864
-1718694990868852113132070424598754539405939370752861712207936005720684465434961902688
313411533934109535827127903372252564837101835818382649849821611187037886467755158990775541091437134502036994
-57014955623063477804834084713755205817
-105157375042247754680798734016910850826364048206790517243798394618594132264324375806425099080
691087404146331917964058072449564494967650750954539857513349287497316515536674103912693202027992
-42603579485995200752690411339722467105125632162030933686648781482858829
21183973791576876700282221
249930538025324219699473022614906064478065544197209057
358869295339724623661029303582849989525307750543154435849740574564003882388620531292561965420125991324766630939672458875407482
448702819094430101235324300649413161449955381575693899125705046785480429553904871811358000
-5686076243716334287578436738012207525392342608903101488845520717470774505330917832904
-571390575850636454434233415166147992398656656711781040431467033881600039880643242432706876
9910263139893863068751516644714336293708
-22790846651396025178381558161788317450977189402674561390359489949320619726604
48124912938225877981465249972340472105543757704383094827635593829909595025816143760102260
-295909049705795536793874788331332207707406990252956543334013145793527767334509206253
-89118102788786028304189811762066457094077904100375277283909665136730907523359748753531836680
283736284910898125338172414433098111228158658344843480167630171564651599188749979525962770
60976283923544182727813337205256919852000866589942974110802961883588247579208685152530449519526295461545221794584140152186086250959124792687881907835131605790034675020773706401684252551
264694135834565796089588050912327080245429933228216970817636932990557504106563460615944989393413125775
1005161738007678023939201213371286736206487447026305076133752496
-8734029261677402272033743233863251589615959073467970819125448167637854036648244440875410512905
6529200
-5079690849714186147988996870583425368584881311652932339503720489640204924559135483338284230843778887
191692185664615392000219484032624366595846549468196112090569095127069542335014494899
-4436196083995907048840600399316177841538055028403560978462576
87882442393238970460194697730187468342098864688409672488466398919651331982141488976149915000
4969741828696702749991434432119236088
223939535789839633007778200852381465729197043826177125003518335541946856350540709029451930074065062760420700303935013359812458193369560103416976
72465720875912600921027603821429242130779501363482552926907765149335041578413387178301967
-5307886408754822889521887896899976275259901157568
-23622513823752099471766958812291952716354600693375644077943276640445018985802937409885890292413347097888
-4930652171504547394077830542377540545317602427421636482500305732701088354215358736878378149307162984
37307264745265945844892096572760352297237768901907219144559812013401637
-38725556647951891176817865205477031896307716023879477300184
-56057864366899388310737005948357834726371339468501132103210292103396288644044894560962936775908240
1152744397914041055607829
137087208652978923270454957154857670587753371852370387413002464483990
4603525195563908866222718714194970636915998264302514001984308317066234510582060208657874121
65987957245916981798915998589981589454186126871015988690705855186452261098173854
128346086864627168588476623258890319196626262
3202436469647300
-1251861817350987316139318374202304581197552407980062093549702518744
-491766766223557639275545248550103036373203587236766807023347542097622326216485188634820219142155984656194658145004290563008422
323
37699435919653993079055103326598
1931778449441595349940413866
-1942083903391895457699844388539889335154607366821929512451761702306000746492045772546715969779097568
723507962294750575638352821706074178750889899007319785411411916025972923770251738508424264750
4977485669026209858361640224779494495698827579866720405755405905351431544523520316089474419291
60412520745136238975114462218111429105132035242494036640111257487482217863117479718641148706112406602723274858680407943346047094553994228980822200
19000234945075469750871913259895005535961826861327285001624825912479399280847604641727562250275109317567834823347683356940
2623745085572095581984513222670978836788
562280059726367328851214695063513439685072045477755817401282900042350655307742061985559452
26148700673149943319039246595416354163694176782961
372372666780247388077930498532552725769908165358653992574884019024907813253240503644141068951324
-68816046776747813223
90364756296515534760936131092351337203750281489570456973642239
-801733885716307287067787446120705527015955448044707554560423256975955740577
30211384579437808318344378174967134364837632041441836342231
30681582329187935401792483777026314485346043794210719973440721529078555994481011250516396365335
-6694992135039866232682589759045519731146925195328018670110247
2110736711527344101739
-21751512017451620810189920405025798272674596910871170764634669553607947710599001003241070333777929583959650668750555247
15039284246462901002237020329830298
-59292826597707849976203621348356847082116087167720917924689
11999769358001456423283283148286607481591175964006202893359099050212717371651754989104328635727566158
-6907757235815528059240136410537265333772142185578598823301233368274638184857660029144326592160668082
15833106474430333698725461557451350440664072165615578756791154747844960423814745321001884974260775509
11245082046591619262117108099550231718525887540221231491462641527091620122994047740275196620288779315
1945754581676243324386352927672911719537997251267314945342689131962933622937779997392086886214993556
3072286675293469825862911156109481049668718829832091639510898055452381627935390468230436900550789902
16332750099357750284676213303720469231969540495642904374704693449841240243316879662372588748186337619
14566576419297065371814911566102406210437819353262470907301415657603174514369242988852782283209773641
7282990647469173354732604276065352429845273196032550499626200461232524468159317075840357536087538230
-3775788078024802484084476069734419119411752831025370031467453325198669885724401020649454449719276585
12505239478635401190191810480978387191036106393601184540806688027986623750025713647697204903492453314
-2466001479242655177932207365960228523658752637849694172815635169087062451178778710395091729835931166
6335133812416647202198855511127471965580054003804404407152356972779065879058097049552698406589546856
-11797230065822960970074368592607870888247982682220261345923527272794590686409632856029992437896782030
15729919980449508159021169005015245818786829117636900360345092252956076695925194691842879590866341040
9434095160491080281993480955861420350132006128974862325236442466105249907836065972565139970150700126
-7345536960801273311522011302504499858947641486574386586995104308183123812152088355774819745931112585
15400221674287285659312992091179633982105209914939702813769765340983097595759472792684107204494794520
3876553700188881379990453806077358952920721659513547802445354597837255110216288787555636268868464114
1984623031170523300439699487853741437177028926881626215997807202540133084901530958809153630372607839
-1415584580723125922225808536593037924114448971201481491332245139678696252648862082106708886123140223
1449766944236464214451781376568560148082955720711506803886126567733402055092485237428555304645305930
3997158482197306410866327407025551342836689294303769601778310995268190151073009015285008251339336188
7073054236837078761363493033092771106455091731819508800113459195398980935736157267920717607654869733
-4692388028140280275454822985965661109347482424158728724449104858750042853222204740399594570373806642
4330821954165212673288686446065265118207107742544280316222875200630578390272972146465296542295080147
1523352080439598198993409649717661655316446708643289253795816957623058810498769457494010852336028716
12547957854182567204975361280750263971487602930817929676152625455004656681768912359956111490058271184
-2776334824403349019281370644582442723517526586804064179162000196186617524316446645240483494279564614
-2405106822404605474078758970710966870674312917023576001187959568985264228066533281286075645423449575
-8391818192931896076705725326505827432244168032015610662949461563707913721180522858623056390226124059
250467837761252735078098334645679086574285204711437179856727435432209472076358767800744612058327359
9443006680022828361564705318895470279148069690743715709366017505648368815581975055153288999448600069
8327591091019648879427199809730509890065482758217036540677214630840744145497758296796749315553825283
10300750345004262773694948531487375693062599704005049063479654400431349198262207524697186722803285961
-3338357033506659849938399725762248848610765645351858818845373160317766300850354315079757650245774037
2742031635536684853147747864746549543442605833440259605739786926880324378428592616562574778676328461
740151748882280003524356290117645518070018336731815702250456347835309480537730590196955440555082950
-1838270286438574120238504401226581999708864660972025406642426453738675784364565878181904689566718895
-3572496796721600583806230918889158357647936926954898974722974929191170004945801011181944051473887375
-3630410426026141553862193827431050347345303422972814021956941912294590926092842572366724421661095915
11550540104066440163424994209607991499672706012416645756971712719954985534582513633060694472826522316
-5050395556256535638550796924802119749987833466493888495363746110896206774697855801085556192762097093
-4534613442361029811623043060042951520519714184932036831823662113746090403783934992284057287487227603
12828067961731047141840563740793281052716379391726369313733929946913856289149633073850666936269664417
4802887506397414450843918511628163560730735483942616161278785704005238125684924151924449557186589185
18903991116659833913508841176459002744679035913253063019735142313870260133090124061662874402379358270
-1633885069669563900515120334379860874183885827932989029932276769447428445343111902539997319503347351
-5542521548293280808117864023238654436243952694256502261175507189004601200640820995311551716936640447
14004684425257218812034162011250261329245560095427493137054075325158080110277114279820417583388752936
-2623046743908931861898607649994075886365475740589053685645100847990895443849074107396307618748680358
-11799734845677157036459241462801168583377093339727187591555230450648977720838213809509960440903969434
-5827384879141409064872566804447203885073438313082859262497318834911414841615322116984710193521972774
7321565267811739481554873575866369419896209564444862501824801327132942520289830540137550001060216105
1928839967713973173302878329733397683210767640036060124601309277365051885959345601068669725168583992
-5497442690118419710068919338093968790241205957593025810976468325023942322303268186990593100289220517
-13022527104511901200800009561674392934708847612250808926988371392594182908665799183033572661666417920
11813082137639670534219737504844115154124059395007599906906657734121668477071817125132182007236844318
3507704970853762321869653241845863590898837475383216105621581540494938789030476227491533927734699137
1825109446501980477207560462787345016292490065043621503140360717588799724263132567337182723770538969
19416414592847336846982770028009566893453423697751600650246131945030122230020944239258204372467887766
15097216064610658559344652107083624955951969412901933721299270975156016693674004051657788913290182878
3432829007414844297437525110696725479547012772474176394638671057669109016931236471597045560229082828
382305087697833025009296063157688731087351430831368746550103550974089555904972863408405952719644456
9501089246677464150455899809633822382720382014746944754863540376801007873965613907682353928992901948
-15439320697517063887684334028135151989184309016375718121231490162083103073494031069970115562390059525
1701580321286067270661334922702910229375390351600387315650267438620376720064369808120285707521970298
-3138832477043080202203925618888549543784640333430876061016004586670918745863551004563313814341697511
-16644975125861429355261181466644005011498487770645172037502564291638161500803856953441340940429287874
-754661928964569402981828606496662164005661433225751766836703565003950451001576323947732509909899185
6202157271016691268624177274565009973167801474354556942187775920338265048476571159621830118087958224
13238438306634592816016387067611439213159004840926265236743805314385647008081322821169319210529790702
10560245865212095000004911572418318497838456229083590419180852318760403442340399827626570252541654437
-694252545423527508124103724782745281413602017517513148933702370109794347649358931711943822789174733
-9265409098844232282651660957130091289788316196021016534519702038899294915006463422017400931182278422
24984741805648459533968710193131055301272161826509688878353471226598268372113594250015834408660524
1295865836806711562714909099334803287657729172574278138009553253339595649977981118171702269932070637
11318528978296316472182262958266363591596538528848707643003380587084985475106932749247827400646194605
10645201731949795293977886406020416460105414537433979652909061669513244732646617918779294957738402922
2701183745806583018030925352035187034448138721261485988135684296821685671644963609010782135147004835
5687034155451134043575073977884487989973773557739341518673693965902535523426330887888992870838713460
-13361640889779588815222548669098715447794895672321105932071868049677925365596647874349524113891144528
-3613791585659485895515248671497910441136909262889014270554144629401488240266724277470898932533959626
4390741573597993039281460922799728635106559672327047031399981937457160165189652305210597714845454702
-4245477253443435409883370370324964276906930902678367349726696533984207769499814563133642672213057707
5446471880660015730299346826090795613476758944463899822273064102714767796131515803179656511862974790
-6944507815756466945988089867045643356320652591491097049099846475116774122034675473097435165006569791
3204469391507202758261834752621863105779733329434641031336731538913742088808765733633495528128900534
1532410105638258687881347849252496351612772589713217345054688529418889016228422057021085365538078066
6287948004724831181512449095187905077269280901390689833475423635556216696181236948540064540898770596
-5251377814378218402661383627339834840248506671837308891717661295454974615494307144274010884499997580
5304814342154400540216789478774408273697855968634838402907833335682297517248499733431039424817381619
-1019385682642480376916930862281173229104774858701727081620763352706198540035866665276565807588487042
4637650252818258138388657045073882519198921571219908622886302350122418924348919203935667729670686461
2095530775465302948491044359438445925813906173883151533870322216058641450243475954489838020201005748
-2883297474956941008994237757900283072223826126177513999849302994245965032997427283465604826226719781
3698193942379269148835210940194619204674905144726590919769596927501970347270782264044053567523229884
23685882676021679500517467666616803231051796797550726638790392271920058576486019697505298987685111
11374891413717023330408202048363668567621591760060805243876913167666936084141163243921979632449290495
-7638462531012483763414754236062376492189235994907026860098376245350636003863329149464632473309220658
-12219153770678108922301861328767437627381643264416262538032459628153416383082249040430106742780214927132382290361937867129746985184435738994480284115891569530978508423143480557458129790646978066689330
-17152725298031810153041497750238848682396367010603505945720864460483654780885711774295904919652301015726711555037427394238437327785278466070199662294741103803437844979742036882972456750678273041607839
-22170035648724440505651116286157862417128460504034607233040829590498292891427540042527978968895492687173241671120171359792790392664999252844059561250405108191264683547305968332647896875968956368233864
58259139300327548794427773194347150738569617882454492924148382397138237646992141281887475031231286464842660170440848563187673756266605289771800298340860421010130421457303673381915440131796605137736248
65855467459671887310344364650964055169891996534877491401875836360505879409466823757265745893603734877102357147096887051901839657466940890257984712906493461426679791345843761942825481694437467273515025
46633307134265035250569162243383282984133369695334174693962843118302698385658487879100291834694058020499526534041219135232697093482911949606176122671533415010068990277740587635851454724084114600397264
11860906274099927829784869854456869410699241594590210254683069091358601349614034793952147955261414124384691920384379503669415217163789735434469157289012414649507033933009641673785217601951558654165366
-49319498633494181412487546667661759262779585867043525387228367809171918890862106430662094132337054403139532908909042168874656633994009616637839627500579794442792886160037767327377159012895191791160752
-8402842584072215623792065604383577117256591623007933458548133360801841621035548320756745828212540235972657290795779119517104750116155331879281856983269502919260207002888473816276566246471039662980240
-79338874260223263327327165242816354239977086469334897037672821897605462996819673564454243479225206982953273342624135490544408035264873427063847605077835716445065348872928253972968652526901992647300060
-11155007955924402778712489337991228148301468939522697390862047588532128972339510050509662923270053622901463407096962015485132610091884779259079700873641475806540369569966615511379279871819873695959225
16866167991313171312720817702466845670992354079365184794572417695643666689523298400440319744906397446023076986075350743425195397684661561425116825432333383717389720044798803904642810106417503180279808
13543950310217302111583097054870073737441270270987374816868130612004161142045046746187049313014183051588734519302302675534721495982701804442800267630439583628274893615550673593711181791476951143304455
-27342386449127996476914833881435028430346220374136775203221541577780776133039624824510020132950007843140213484695509602603006421814329416206013272046700500080124838836099218553036549391008513235048629
-64420266036334259444337530627748644101329359531393866924511038765564539121312865861608118457869774916480419356604650094542563045557551928121263485851277800701847980551545302160516809978815414140153600
35332172563624949937971588291541260810800147167846548622977634159491840957948360528599411353541230934897812225218384021501543975685681689703411374821481442398422735870656885084174376868994247124005611
46391488356029194659697612376934844147701581163541915072711980872015776027720271614546071351991443462846968554347334485985640195743205177479500734251098574040871726025987091742661211740147850983940016
-34881670659684112906194753205106569728582035768999497287224217577890237000452416827877082751902345268523919143618955347029183951793935040997384446232445365397931929242677102179941267077906711376296750
-58472269484874987871185776864460089076803581854173122870670015788409030690460025540090853548498989732208277236912283340509357449331836635927491956085504329182348175907149723409085712781276935360426510
-76968149468488196517223096000091567915262185021318557512647902379122439199427420285281668267970463928246179257500431733215020635002736393289269401367440377554085189928643599342248522376184137601672856
-18744749447280156515889438860198800344665915237553457238878088879904193575121156244784539599874561230788842995033283763690353681071514426715982504474377196308838867935810821814788786116960224396153622
19524407959287544699235045324021037989512615709282357201036516721581831323281009442392347464948832745984520344147740909577498219400205878199352019955618614277833117317933470922447830862525841047042837
17011821435753126723806265093547629743274975425123507234587783905289297862763464775520940412042684006305202271507450072200041372291208275058504259118206905418929565690800855282784474425287091576899077
5658525656963714936074558558940195043397333487301497734283040393162888446967446974854594319016785454264425056473545489335442118553959629496524148991873129975490341554206419465392044994920327061059632
-56181262548741992059685809556826202816518204937657289521050653392237316733715089048838636229022103058642002244060042149072797044392616187623139721605154901096251410882284613003146712380629762005209908
11058758825027535166318105828890408573386793867671741282522519652495846795856318131514380987411711141432923403301067220090252262916087663195733164701981915348075162278482325334432805276375549089977036
19382937884909169583998909747005345220185759561468674370412347935117059958403699647994557551314035178191579446440132535274787302418331785801282113473622509923066189321080195571753221979014110795103235
27705136674480995926510555653226148290411922440723909776791976324378435364732792225549157001522460887308268008202671300692670905188992340729297019322780363173860021740980105226089873915330212593603094
4968710328213166452767590002313220959358733933748708002363688792024679530564416437967879148222493400010344615863418302956439439376786005006534145808532429937779030414882546129228676586296888065035617
23503650192772763784809491004441232793234470089635877741340748075037512090736824056835556555873018177911951636740629988978572625457380824381512653178663543699195126635523565054197824063356874652074324
-4158241269332693393089064050171599609468737615601502769629378983810548633290064553515433385904178956337063893892362067069895342460338548488259682350371802262872798414274456252016616838093559875099569
-42172247324472543306239001658765654435906543730736079538469326174359329708685746665783577393915488517278814563019115086247866406801741460763238187907384281837906935928373876616170044875457801069307480
-10201093926605396653347593258317896906114112959941348884285700757589293706207066723863138042191354671568351760130511704302509450641436453809455501433137162319369450723725698145990734684601904240207136
6688508251589771627724785956133357766123346459782454104747728274069139249409640788942132190101523774702788481908460145783504390729949286068588112891803447462532313117961004583099417801885534041032006
-10545194694892250350663972594418431988898432249667004266989004851744411462964069500465613806530460358289974517395998452377035399030347759628503130934526216626645015231868803654039475020341445328008814
52969304037487873351560732847424312732661863525809577178635359831409370100031000213475533441558250434897032676746828812507569327090638833651195862451831159743459304780295041482632537952789535930203100
21500128361228511504592122527671094946536205129845809161871404470438465344652747465354060043328698338520980794070436323878557582319621777046973111972910060576708950287838093951340879153555072637933184
-33891562828139356170611691405262366243408650589978234911548977361868917550247835097031446099542490445867614338026106784649209622327175511644779233379910375451219494202859111481543289411276625753416680
11569872284676618880954256744370512609523489883812740647273327318015837289740052373484940108052430843880874356453511836745237863171547841559393696019095733630515886241068374128737417700026574457334190
-43232239179300852876677636404366927547925620006178828042290277302560166629797800999290775722020668489831395151273275612465954451371980668998364755784349365769673627481097231019929697489396623156584808
26263238052196858605020799315373214590533936033398081799565145267125303700855881955832409964226694917817018640243607374464015267611896005667883153757750435523790931828823221349732185708688301333029350
12815881879514746806507650977273837627308799841830948934535247142369286171447774703059542861242063583404919386468430195010776178236252756961422823255050632910061249746563881224016181201407635454194370
3627556923672140805700296666704670600916570774973924054606303270388782114624505652414087957537584930603839255103573053999317560751237462894013431710612579481389336682672566322152900390792961161726713
48160118820477871511533333042427444027524104399347830936710356426191442510178951053516312988304408555533988198964123576417452002441974719218620037020013224012171510692331055902625629533036459179030342
-6716387313646361917918898719623535933077709091735193392067111439744776203221945316116847372913017181920932722143374408104081770564316858984572240697374718800049050238439069934726038304069898058201596
-28988382939581829974464291400137057956110256820678613397560025862660003044110060860319459472887240739237950644560696149960475350050370409160270109237595678656094602726533364371170549764216438340405150
27159965583569177979426077635826513427988434991502087344072935158596471521032107547726288737880514777752149698296431524782259534168897070628135635665399416783497900745246517229898003177833932724054496
17791268720118424037272226925712699008072126940865049049255775303885433620369283169532549471516093251418349078034294801836347893489891564466760492924320669342156036521813101749098300941347328564725457
31660847847825427564705745185803697780184440809134215559823644457525396120849515101334536779732507040783119083589573125390525315265076519272259313747312422475654205986535831031769214272073921132862130
33196671633612180768584761448233496759815655890053175553476865010885387855121479527738289986839405680391612305920905029811220415054218692924145202434572922226660608627931210077241930517417504070180376
99999999999999999999999999999999999999999999999999999999999999999999999999999999999999999999999999980000000000000000000000000000000000000000000000000000000000000000000000000000000000000000000000000001
